032321521162211221214
026320823152210231214
005231621011314021214
0323220210801343117211214
004230212090108011214
02003213309231123211320231214
00922102213122001333111221311
02103200128341022172220211214
002321402213327323332042311231214
01122162125013232082215211214
0333317022611082212130803263117231211
00232220126120922103422021313
00311090113122003213111221311
0060114320223043216021414
01912250132322731343211221511
0190133332121223204231412
0062313310832013120032234042320231314
00731140218122501323110221214
026320822092212130801333117211211
01101181124042632333303231313
0321219120224061112111803193303231213
006210731100114312103223205231413
0201209221311190132320921203204231312
007310421021226040901213227313331042217211214
0180317021912133126041933333303231314
01502110118132601333326211833152311231313
01331200318111311240427333232092204231313
014211211180133330323102305231213
00723083214322003212122342023042305231414
031311521162103210433030111011313
0230302321502140218142501323215231214
023013013082212130803303323211211
032112021181425012001323303231313
0143221031931260433332834042311231414
00131033111011813260328343333183311231511
013211432073120032832042305231414
002121331200327331522102220231314
0062213312604273234330923102205231314
017020731200321333333092304231214
02101260134342121162111231313
0033306210832150225013332162111221313
003330901170213111901323116211312
00333261108220901121308032631223105231211
0052402110801121118032632323209221213
0143220032702283427221622052320231414
002121432200321032834212311221414
00023072314320232210322332123102305231414
012111803203226320323102317211213
023023112142112131403313123221211
0023127112401090119132601333309231214
00013080112111803263233330922162211231213
0110123012611082212130802263123221211
006210832153221032233212305231513
0023208012132280421122512301308231214
032322733031109012233092310221313
019122601343426211932042317211313
0103123032512142212131402253123231211
0023116022612090118142501333309231313
0060114322704200134342021162117211414
009011311190320321331270228342722102311221313
1083220031502270228342722102217221214
1133102220333110109010202223228042212261209231314
120112601333326212032042317211313
1133103332021213309012702200228342022272211221314
10722143220022131283204231101011220011414
1110120122701301213211532073127032032283211231513
11702201108210613011212021302080120332701343117231511
1150125120823121100210131033129042511331115221213
1261232120323133102230432160211011314
11101132114320221033310012012270428322032102302011414
10601240131312121153203221033030217021513
11821062107311502191325011522071306011801323215211313
1120220322702283434342722102211221313
101311101211131311421153227042831213111231513
1100120123232032313111903133103032034102303231313
1033314312103160218130622143126041832333216231414
1331130120123143221031412010328343032333204231412
11001290433112121191326012101333426212121193210231412
10021013109012233331109210111000118012531092210221313
131122021181201231432043410011812200427313131183210231414
12401313114210722153208311702211127043431213117231513
1091115022231290225123211082212130803253129211211
12901321120211812250414321832200227333233202110221414
1133102210434020110011702211127042131343117231314
10212090113112901321120211812250318322001323316211312
1202115211312012408320332133215032233152305231313
11432182119310322103403021602191326041933333216231414
10212090106011311190320321332260427022834272216221314
107011432200321332702283420232721102211221414
100240731143217022011260433322032102217231414
1321221211912250419321532210228333233212211221513
10731043410011411200317022111270134342721213217231411
1210128321023112203110812140221021214
1120214322032270320132603283426232033272310231414
11331083202322003150227013434202316211314
11432073120022101283416212121202214132001333111221411
10801213128042303301326112111082312130801303123231211
1321221211813250418331532210228343234212211221513
119311431270325312832102219110021023227011413
12404133120022733202209221312012124210232043210011312
114320321043210012011260334322031102311220412260103011414
1021108210933080221022232280331121122221108230233210128011214
108321502223105242211152208131331200318112401313115211314
130111821080121332802251230120823032210340302280217021214
108012133280325120823032104330301280112130802253111221211
116211411022100140701020114332001210134342021212117211414
11322143202210333020110011702211127042131343117231414
131132021181124041331183120022733152222311122081120021314
10112080118212133082101330901270225130822272209221033090217021214
102110801121118031931260133331501123126012834262115221214
108221211002312310131090121010801343408212121162117221214
102110801121219032031123127022833272216221213
100210131033110011411170220022111270134342721213117231411
10622133102320432100120112603203127313432102317210412260109011314
114312101283111210911061112021931143126022833333111211621212126211414
1043111012012082227013012132115332702203128311123041127011514
12301321120212131102214110221033302011431100321112001323123211412
117020232080120122701260130121321153227031512130130313431203117231511
11222143219310731260333322131042305210112260114132621013105011411
11101072108321602013120122701260130120721143127032831203111231413
21702211127033013202121340421021108012002283430322021272204221214
21222193114322602273234331022232111210712260214132622073111021411
219110122182106210832160219122701311101211431023127032831193105231413
20131122219311331260233322732102208122602131119111202273115221313
20521070114310311210331122021181224031832200131332021223210230523221221231413
2031109012232280326123212221209231811002101310332280111011313
20901131119022032270130142721201219232032133109221033090217021313
210311702201124022531082320311722101106121301240120322701343117211511
204331532110133112121191326013011122200220731210419312831333111231513
214310322043403021001191226013011122107311431260314111201303119312731343210231413
23212212120211812250414321832200221022834162121212021323111221414
21702211127013012132106221432200327031412130121322832303104231412
206011331021118211931260227321022112208112602131119111802273115211313
21431093203331802160219312704191318220931143126041932343216231414
20231043111012111180314322002270228342022141118210231043110012722213111231413
2142212121811002412320731183114022102283321221022071314021214
20331100106223311212119120723143226031932210328323332102305230312260121011414
202113013202118120723062318321432200418121412070227323032102211231412
2060113311702153122031511191226033011182119332701343117231511
2153203210011060124013131212103211033170203012101311124210621003103011513
23112112108112021181207231832143220041412181207022732162111211412
2110103311001191226013012012314320332260314120102303234322731193110231412
2013108210933150208012232280332122212082315230432280111011214
204311702211127022513142212111811240418311231140225343434142227222132102217231214
21811062313311831022209330333110115020201223228042611221102231314
2023208011001121109012231290431122021271122111811240318312001313309231213
20131080112113112202118112403183120013133212122310523031109011213
2062207221432022314120311001207030603143202012102283411221022022121221414
212221331333102220931170126110221131100220932150213120201263117221311
203311001331121211913012314320832033226042104333228321932102305231414
2313120212132092110330901170221122001311112210021013109011313
206221432331103210434100103012121191226041932210228333332212110231414
2062201311911072214320321043210011911260327313332193110230412030126011414
200210232110110011411211120012701301320211321143227032131283111231413
2021133312321052208111402121219013331162112111422083105021211
20432100123032711152213111813062301241332083204322604183315042732343210231314
20701143105220911210231132021181124041831143120022834313420212122162105211414
206221331022209330311150217012611022113130201263119013231343117221311
2143124111222193127022831112209112702191112022431283116211413
2082212110023013109331231080215022232280332122212082315230432280111011214
213312711260230142622152219212234260215023032273204230812260215021314
2122113312031032104340301100120122604203227323332032310231314
23432130214320221033117022011261102221412132103311001141102022031263117231411
2240317022011253108231531203117210421021200120701203227013431172204221512
204311101201108210613080213021532180220332702283111230411061127021513
214311001170212021931270419132601301112231431073126031932283210231414
20601311220211812012314320321043210011811200318312731313110230412200103011414
20901131220031802213320230011180113332702200228342022272111221314
203110901223228032612221209231311190313310903263322330923282211221313
215320321001106011931260133332121032110331702030121013313262119110621003103011513
20801153122033131151120111801253108240612130120322701343117211511
202121402121109013232180325312234123114230921023210012904271109221214
2110120112601301213211432022103330201100114121301303226213431203111231412
20232100120122701301313211432270314121301303228322032102305231412
213310521021120031811131100241831133120210233150205012232280432122212202215231314
213311821193126022732052333311022021107122602131119111802273115211313
2022103330201153122031511201102220612130112012531022220322701343117211511
223032111270225131421272112120123123208321403270325322132121118013131343204231213
20131090131312021223409210521011308012002273309221022202112130821013105011211
21701070114310321043210011813002314312603183228323432102317220412260103011414
3023209011201131119022032270131132721201219232032133109221033090217021313
30931160229013311212118120124143218320932210433312921181326041832333116231414
302322302251230131422182121331402092125321022232206131402121121111802253109211213
310011913270126013012012306221432260327031412010106013032343228321932102305231412
30431230321112702251214221211181124041231183114022533142227222132102223231214
31221133133312001232105222731102107122002131219013331102113112022073105021311
304311101211127013013142112120123123104320022083227031212140130312831213111231211
30012070114322001270224142021272114120723003214320832200327032232243204231414
3110103311001290130132021181301231432033220041412010227323032183110231412
3023208013131152222331502280225131521311318212231082304320931280211011214
31702211127022513142134322721121201231232083202321403270325322132042317231214
32302060121112701311107221432200227022132042101132001232227011412070118013132343204221412
302310901333222312902261114211211002312310231140322321211000126330923102229211213
3301305220811202102111812072306231432183220041412181207022732162105211412
31221191107221432022100130201141207031203193214322602273333312621162117211414
3043123032401313133311622191202220933043302021932160419123311022312130203193123231211
3142105211532060103210113030115111903153214032133270228340522142327211514
3023206221331043210012011260320311021041226010901131219012732102217211312
3182119310921103216022302271109221311191201241932133110310904273123221313
3150110012303181326110822121100231231023208031501121225031832263210231212
30333090110013431232119122601301112211331260313111202193227313031343110231313
303311001110129013013202118130023012314320832033220041412010127311831303210231412
3120103330901131119022032270131132721201219232032133109221033090217021313
3043111012301321120212131102214110221043302011431100321112001323123211412
319110122083202310431160111011912270131110121143127022832193216221123041127011413
30601102108120311150213111911012413311932152208330333150210022601333117211313
31221143202210332100119120223141106111203193327041913122314310631033102041932283210231414
3100120112601301213211221143207312603141213011201303234322731203110231412
3172221110321042101121402121100231231142201331402121104010001253103221213
3170121110011270106013111072214322002270221322832042317220013200127011414
318211931092110321601230227110922131119120124133102321601193210310904273123221313
300210131140221332701301314230111000115331402270128341422272115131402303111221511
32401313103110901223228032612221209231311190313310903263322330923282211221313
329013311023121210921103309021602290318130024133110310231260418332101333216231314
31101033209012231290227113113202122330923031213122004133209022733092229211313
301120801230127111921203109231212201119041232203226020902273426210921162123211214
30601031109011311321221212021181225041332183221022002283432312022212111221314
3110103311001191226013013122214322621193326022731303110230311071226021414
31101211131122021181207231832143202210333020110011413213120022731313111231411
3143103210011060124013131212103211033160203012101311124210621003103011413
3052103110901301118212133270225133013272221130223121201231231092103330901100105011213
31101033110012902271115221912131101241332083203322604193215042732102329211314
306010231090113111902203226012701301426212721201219232031133109221033090216021313
3103117022011011124013131082320311722101106121302240220322701343117211511
30211080128311722201126013013262119212033170228110922121308210231103117021211
306220131191107221432032104321001191126031931102104120301260114120702273210221412
3001117012111270131110722060114322002270221322832042317220013200127011414
3023110012011082320311021121202110612190318212032080127013432102217211212
311012301321120212131102214111211002312310221033302011431100321112001323123211412
30622043207311001201227012601301213211432270226022832203210230412270126011414
302113013202118110623133118312002273210223031112207122002131118110602273115211313
3023204321001110121110922182119310822121308021911180131310921213111231211
319312512321208231911121100241231193101310804121119110003193125331522223210221213
30131080128311722201126023013262219212033170228110922121308210331103117021211
3170121111911013107231432182119322604141219120703273219322132102217221412
3321115012231290225121422181112110024123118310131140418111211000225332922221115221213
30811141120031811240133332121181321013313012320231432083221031412183128312001333105231411
30921001306011331071220031311181106241831133120220733003309022002223228043212221209231314
3031109012301182120322702251302222722092210340334020209021602230220131801313102231214
313211431343117222012260130111221032314110111130314322602030220330421011126011411120130313431042203221413
